0000
0000
0000
0000
0000
0000
5000
0600
5000
0600
0070
0008
5000
0600
5000
0600
5000
0600
0070
0008
0000
5000
0600
0070
0008
0070
5000
0600
0070
0008
0070
5000
0600
0070
0008
0070
5000
0600
0070
0008
0070
5000
0600
0070
0008
0070
5000
0600
0070
0008
0070
0008
0070
5070
5070
5008
5008
5070
5070
5008
5008
0608
0608
0670
0670
0608
0608
0670
0670
5000
5000
0070
0070
0600
0600
0008
0008
5000
5000
0070
0070
0600
0600
0008
0008
5000
0200
0000
5000
0200
0200
0000
0000
0000
0000
0000
0000
5000
5000
0070
0070
0600
0600
0008
0008
5000
5000
0070
0070
0600
0600
0008
0008
5000
5000
0070
0070
0600
0600
0008
0008
5000
5000
0070
0070
0600
0600
0008
0008
5000
5000
0070
0070
0600
0600
0000
0000
0000
0000
0000
0000
0000
0000
0000
0000
5000
0600
0070
0008
0070
5000
0600
0070
0008
0070
5000
0600
0070
0008
0070
5000
0600
0070
0008
0070
5000
0600
0070
0008
0070
5000
0600
0070
0008
0070
0008
1004



