0000
0004
0000
0200
0000
0030
0000
1000
0000
0030
0000
0004
0000
1000
0000
0200
1004
0600
5000
0070
0008
5600
5008
0070
0030
0004
5000
0600
0600
5000
5070
0008
5000
0000
0608
0008
5000
0600
5000
0030
1000
0004
5000
0600
0600
5000
0070
0008
0030
0004
5000
5008
0600
0030
5000
0600
0200
0078
0600
5000
0200
0078
0600
5000
0008
1004
0000
0000
0000
0000
0000
0000
0000
5008
0000
0000
0000
0000
0000
0000
0000
5008
0000
0000
0000
5008
0000
0000
5008
5008
0000
0000
0000
0000
1004
0000
0000
0200
1004
0600
5000
0070
0008
5600
5008
0070
0030
0004
5000
0600
0600
5000
5070
0008
5000
0000
0608
0008
5000
0600
5000
0030
1000
0004
5000
0600
0600
5000
0070
0008
0030
0004
5000
5008
0600
0030
5000
0600
0200
0078
0600
5000
0200
0078
0600
5000
1004
0000
0000
0000
0000
0000
0000
0000
5008
0000
0000
0000
0000
0000
0000
0000
5008
0000
0000
0000
5008
0000
0000
5008
5008
0000
0000
0000
1004
0000
0000
1004
1000
1000
1000
1000
0030
0030
0030
0030
1000
1000
1000
1000
0030
0030
0030
0030
1000
1000
1000
1000
0030
0030
0030
0030
0200
0200
0200
0200
0004
0004
0004
0004
0004
0000
0200
0000
0030
0000
1000
0000
0030
0000
0004
0000
1000
0000
0200










