0000
0000
1000
1000
1000
1000
0200
0200
0200
0200
0030
0030
0030
0030
1000
0200
1000
0200
0030
0004
0030
0004
1000
0200
0030
0004
1000
0200
0030
0004
1000
0000
1000
0000
0200
0000
0200
0000
0030
0000
0030
0000
0004
0000
0004
1000
0200
1000
0200
1000
0200
1000
0200
1000
0000
0000
0000
0000
5000
0000
5008
0000
5000
5200
0000
0070
0074
0000
1000
0000
1000
0000
0000
1200
0000
0078
0000
5000
5200
0000
0070
0074
0000
1000
0000
1000
0000
0000
1200
0000
0078
0000
1000
0000
1000
0000
0200
0000
0200
0000
0030
0000
0030
0000
0004
0000
0000
5008
0200
0000
0070
0004
0000
1000
0000
1000
0000
0000
1200
0000
0078
0000
5000
5000
0200
0030
0004
1000
0200
0030
0004
0000
1000
0004
0004
0200
0200
0030
0030
0000
1000
0000
1030
0000
1030
0000
0204
0000
0204
0000
1000
0200
0030
0000
1200
0000
1200
0000
0004
0004
0000
0000
0030
0030
0200
1000
0200
1000
0000
0070
0070
0004
0004
0000
0000
0000
0070
0070
0004
0004
0000
0000
0000
5008
0000
5008
0000
5000
5200
0000
0070
0074
0000
1000
0000
1000
0000
0000
1200
0000
0078
0000
5000
5200
0000
0070
0074
0000
1000
0000
1000
0000
1200
0000
0078
0000
0078
1000
0000
1000
0000
0200
0000
0200
0000
0030
0000
0030
0000
0004
0000
0004
0000
1000
0000
1000
0000
0200
0000
0200
0000
0030
0000
0030
0000
0004
0000
0004
0000
1000
0000
0030
0004
1000
0000
0030
0004
1000
0000
0030
0004
0000
0000
0070
0070
0004
0004
0000
0000
0000
0000
0070
0070
0004
0004
0000
0000
5070
0000
0608
0000
1030
0000
1030
0000
0204
0000
0204
0000
1030
0000
1030
0000
0204
0000
0204
0000
1030
0000
1030
0000
0204
0000
0204
0004
0000
0030
0000
0200
0000
1000
0000
0004
0000
0030
0000
0200
0000
5000
0000
1034
0000
1004
1004
1004
1004
0004
1000
0004
1000
0004
1000
0004
1000
0004
1004
0000
1004
0000
1004
0000
1004
0000
1004
0000
1004
0000
1004
0000
1004
0000
1004
0000
1004
0000
1004
0000
1004
0000
1004
0000
1004
0000
1004
0000
1004
0000
1004
0000
1004
0000
1004
0000
1004
0000
1004
0000
1004
0000
0000
5070
0000
0608
0000
5000
0200
0200
0000
0030
0000
0004
0000
5000
0200
0200
0000
0030
0000
0004
0000
5000
0200
0200
0000
0030
0000
0004
0000
0000
0000
0000
1000
1000
0000
0600
0004
0000
1000
0200
1000
0200
0030
0000
0030
0000
0030
0000
0030
0000
1000
1000
0200
0000
0070
0030
0000
0030
0000
0000
0000
0000
0070
0030
0000
5070
0000
0608
1000
1000
0200
0200
0030
0030
0004
0004
1000
1000
0200
0200
0030
0030
0004
0004
1000
1000
0200
0200
0030
0004
0000
0070
1034

