0000
5000
0008
0008
0000
1204
0000
0030
0030
1200
1200
0034
0034
1200
0034
1200
0034
1200
0034
1200
1200
1004
0200
1004
0030
1004
0200
1004
0030
1000
0200
0030
0004
1000
0200
0030
0004
1000
0200
1030
0204
1000
0200
1030
0204
1000
0000
5000
5000
0000
1000
0000
1000
0200
0030
0000
0000
0000
0000
0000
1000
0200
1000
0200
1000
0200
0030
0004
0000
1200
0000
1200
0000
1004
0200
1004
0030
1004
0200
1004
0030
1004
0200
1004
0030
1230
0000
0034
0000
1200
0000
1030
0000
0204
1000
1000
0000
0200
0030
0000
0000
1004
0200
1004
0030
1004
0200
1004
0030
1000
0200
0030
1000
1000
0000
0034
0000
1200
0000
0034
0000
1200
0000
0034
0000
1200
0000
0034
0000
1200
0000
0034
0000
1200
0000
0008
5000
5000
0000
0030
0004
1000
0200
0030
0004
1000
0200
0030
0004
1000
0004
1000
0004
1000
0200
1000
0200
1000
0008
1000
0200
0030
0004
1000
0200
0030
0004
0030
0004
1000
0200
0030
0004
1000
0200
0030
0004
1000
0004
1000
0004
1000
0200
1000
0200
1000
0008
1000
0200
1000
0008
1000
0200
0030
0004
1000
0200
0030
0004
0000
0000
1000
1000
0030
0030
1200
1200
0034
0034
1200
0034
1200
0034
1200
0034
1200
1200
1004
0200
1004
0030
1004
0200
1004
0030
1000
0200
0030
0004
1000
0200
0030
0004
1000
0200
1030
0204
1000
0200
1030
0204
1000
0000
5000
5000
0000
1000
0000
1000
0200
0030
0000
0000
0000
0000
0000
1000
0200
1000
0200
1000
0200
0030
0004
0000
1200
0000
1200
0000
1004
0200
1004
0030
1004
0200
1004
0030
1004
0200
1004
0030
1230
0000
0034
0000
1200
0000
1030
0000
0204
1000
1000
0000
0200
0030
0000
0000
1004
0200
1004
0030
1004
0200
1004
0030
1000
0200
0030
1000
1000
0000
0034
0000
1200
0000
0034
0000
1200
0000
0034
0000
1200
0000
0034
0000
1200
0000
0034
0000
1200
0000
0008
5000
5000
0000
0030
0004
1000
0200
0030
0004
1000
0200
0030
0004
1000
0004
1000
0004
1000
0200
1000
0200
1000
0008
1000
0200
0030
0004
1000
0200
0030
0004
0030
0004
1000
0200
0030
0004
1000
0200
0030
0004
1000
0004
1000
0004
1000
0200
1000
0200
1000
0008
1000
0200
1000
0008
1000
0200
0030
0004
1000
0200
0030
0004
0000
0000
1000
0030
0004
1000
0030
0004
1000
0030
0004
1000
0030
0004
1000
0030
0004
1000
0030
0004
1000
0030
0004
1000
0030
0004
1000
0030
0004
1000
0030
0004
1000
0030
0004
1000
0030
0004
1000
0030
0004
1000
0030
0004
1000
0030
0004
1000
0030
0004
1000
0030
0004
1000
0030
0004
1000
0030
0004
1000
0030
0004
1000
0030
0004
1000
0030
0004
1000
0030
0004

